[gd_scene format=3 uid="uid://d0qycfbnnb7gh"]

[ext_resource type="Script" uid="uid://dv8jn3slage3d" path="res://Boid/assets/scenes/windPath.gd" id="1_1rjul"]

[sub_resource type="Curve3D" id="Curve3D_sbevp"]
_data = {
"points": PackedVector3Array(0, 0, 0, 0, 0, 0, -3.5489664, 0, 0.049081992, -0.655951, 0, -0.091659784, 0.655951, 0, 0.091659784, -1.4659607, 0, 0.9989594, 0, 0, 0, 0.28, 0, 0, 2.5616083, 0, 0.53792804, 0.044754505, 0, 0.23656538, -0.044754505, 0, -0.23656538, 2.938481, 0, -0.14511755, 0.32441616, 0, 0.034758925, -0.32441616, 0, -0.034758925, 2.4302752, 0, -0.58637404, 0.1244266, 0, -0.12566134, -0.1244266, 0, 0.12566134, 1.874973, 0, -0.4996201, 0.0012447834, 0, -0.2678598, -0.0012447834, 0, 0.2678598, 1.6977217, 0, -0.1397461, -0.22325826, 0, -0.17266726, 0.22325826, 0, 0.17266726, 2.122051, 0, 0.76262426, -0.30483007, 0, -0.09081602, 0.30483007, 0, 0.09081602, 2.8901403, 0, 0.9989594, -0.21226501, 0, -0.010058999, 0.21226501, 0, 0.010058999, 4.643406, 0, 1.2959938, 0, 0, 0, 0, 0, 0, 6.3132496, 0, 1.1568406),
"tilts": PackedFloat32Array(0, 0, 0, 0, 0, 0, 0, 0, 0, 0, 0)
}
point_count = 11

[sub_resource type="Curve3D" id="Curve3D_aj4b2"]
_data = {
"points": PackedVector3Array(0, 0, 0, 0, 0, 0, -3.7880318, -0.08728531, 1.5667582, -0.8857298, -0.02040933, -0.32774425, 0.8857298, 0.02040933, 0.32774425, -3.4370787, -0.07919852, 2.1379082, -0.52765095, -0.012158342, 0.090714216, 0.52765095, 0.012158342, -0.090714216, -0.29234302, -0.006736283, 2.6223404, 0.16489041, 0.0037994692, 0.684479, -0.16489041, -0.0037994692, -0.684479, 0.54035604, 0.012451096, 1.7151992, 0.51940614, 0.011968359, -0.43707722, -0.51940614, -0.011968359, 0.43707722, -1.2816887, -0.029533174, 1.319356, -0.6430751, -0.0148179885, -0.5690248, 0.6430751, 0.0148179885, 0.5690248, -0.6468585, -0.014905167, 3.4470136, -0.34627104, -0.007978916, 0.131948, 0.34627104, 0.007978916, -0.131948, 1.3483219, 0.031068563, 2.8120155, -0.4369607, -0.010068618, 0.22266173, 0.4369607, 0.010068618, -0.22266173, 2.7334063, 0.06298423, 1.7729266, -0.42871618, -0.00987865, -0.23915577, 0.42871618, 0.00987865, 0.23915577, 4.811033, 0.1108577, 2.0120816, -0.23084688, -0.0053192675, 0.01649332, 0.23084688, 0.0053192675, -0.01649332, 6.03947, 0.13916384, 2.2017567, 0, 0, 0, 0, 0, 0, 7.1854625, 0.16557024, 1.9955883),
"tilts": PackedFloat32Array(0, 0, 0, 0, 0, 0, 0, 0, 0, 0, 0)
}
point_count = 11

[node name="Wind" type="Node3D" unique_id=993818120]

[node name="Line2D" type="Line2D" parent="." unique_id=653223287]

[node name="Path3D" type="Path3D" parent="." unique_id=726179957 groups=["isWind"]]
curve = SubResource("Curve3D_sbevp")
script = ExtResource("1_1rjul")

[node name="Path3D2" type="Path3D" parent="." unique_id=350869735 groups=["isWind"]]
transform = Transform3D(1, 0, 0, 0, 0.6281125, -0.77812254, 0, 0.77812254, 0.6281125, 0, -0.12442064, 1.3204136)
curve = SubResource("Curve3D_sbevp")
script = ExtResource("1_1rjul")

[node name="Path3D4" type="Path3D" parent="." unique_id=1341154623 groups=["isWind"]]
transform = Transform3D(1, 0, 0, 0, 0.6281125, -0.77812254, 0, 0.77812254, 0.6281125, 1.0197825, -0.12442064, 3.5795794)
curve = SubResource("Curve3D_sbevp")
script = ExtResource("1_1rjul")

[node name="Path3D3" type="Path3D" parent="." unique_id=127707025 groups=["isWind"]]
transform = Transform3D(0.99973464, 0.023036279, 0, -0.023036279, 0.99973464, 0, 0, 0, 1, -0.56200904, 0, 0.86209184)
curve = SubResource("Curve3D_aj4b2")
script = ExtResource("1_1rjul")

[node name="DirectionalLight3D" type="DirectionalLight3D" parent="." unique_id=1748072559]
transform = Transform3D(1, 0, 0, 0, 0.88802415, 0.45979685, 0, -0.45979685, 0.88802415, 1.7585573, 18.35161, 7.114214)

[node name="Camera3D" type="Camera3D" parent="." unique_id=1251579103]
transform = Transform3D(1, 0, 0, 0, 0.77895504, 0.6270797, 0, -0.6270797, 0.77895504, 1.7585573, 18.35161, 20.065767)
