[gd_scene format=3 uid="uid://d1lkw7axh4gm6"]

[sub_resource type="CylinderMesh" id="CylinderMesh_mn40h"]
top_radius = 0.2
bottom_radius = 0.2

[sub_resource type="BoxMesh" id="BoxMesh_mn40h"]
size = Vector3(1, 1, 2)

[sub_resource type="BoxMesh" id="BoxMesh_llp4f"]
size = Vector3(1, 0.5, 2)

[node name="Car" type="Node3D" unique_id=1471433011]
transform = Transform3D(-0.99094623, 0, 0.13425946, 0, 1, 0, -0.13425946, 0, -0.99094623, 0, 0, 0)

[node name="MeshInstance3D3" type="MeshInstance3D" parent="." unique_id=1463283351]
transform = Transform3D(0.01802556, -0.647913, 0.13304392, 0.99094623, -2.8579926e-08, -0.13425946, 0.13304392, 0.08778322, 0.9819744, -0.10481159, -0.65090024, -0.77359647)
mesh = SubResource("CylinderMesh_mn40h")

[node name="MeshInstance3D4" type="MeshInstance3D" parent="." unique_id=1745950507]
transform = Transform3D(0.01802556, -0.64791304, 0.13304392, 0.99094623, -2.8579926e-08, -0.13425946, 0.13304392, 0.087783225, 0.9819744, 0.14643255, -0.65090024, 1.0807936)
mesh = SubResource("CylinderMesh_mn40h")

[node name="MeshInstance3D" type="MeshInstance3D" parent="." unique_id=2106885360]
transform = Transform3D(0.9937095, 0, 0.11198926, 0, 1, 0, -0.11198926, 0, 0.9937095, -0.046037868, 0, 0.0025859834)
mesh = SubResource("BoxMesh_mn40h")

[node name="MeshInstance3D2" type="MeshInstance3D" parent="." unique_id=191220206]
transform = Transform3D(0.9937095, 0, 0.11198926, 0, 1, 0, -0.11198926, 0, 0.9937095, 0.04603786, -0.2340393, 0.81959766)
mesh = SubResource("BoxMesh_llp4f")
