[gd_scene format=3 uid="uid://bdmn1146wi527"]

[ext_resource type="PackedScene" uid="uid://w6d4o017yf81" path="res://Scenes/Maps/02_hiver_terrain.tscn" id="1_wsw8x"]
[ext_resource type="PackedScene" uid="uid://fgjqfugwu3yx" path="res://Scenes/Vegetation/foret_s.tscn" id="2_wsw8x"]
[ext_resource type="PackedScene" uid="uid://bmjqcrihl6xe6" path="res://Scenes/Vegetation/foret_m.tscn" id="3_ld7o5"]
[ext_resource type="PackedScene" uid="uid://dwdtiq3m4gtbe" path="res://Scenes/Vegetation/foret_cercle.tscn" id="4_ulc5b"]
[ext_resource type="PackedScene" uid="uid://lgwcy0fqbmph" path="res://Scenes/Vegetation/foret_route_s.tscn" id="5_isa0j"]
[ext_resource type="PackedScene" uid="uid://c7msysgq7jvql" path="res://Scenes/Vegetation/foret_l.tscn" id="6_jxecv"]
[ext_resource type="PackedScene" uid="uid://cfn22o18dg3x4" path="res://Scenes/Vegetation/foret_sansfeuille_xs.tscn" id="7_4i414"]
[ext_resource type="PackedScene" uid="uid://dpy6lr273buy6" path="res://Scenes/Vegetation/foret_sansfeuille_s.tscn" id="8_3ei8r"]
[ext_resource type="PackedScene" uid="uid://ljfqdpo8gxdm" path="res://Scenes/Vegetation/foret_sansfeuille_cercle.tscn" id="9_bg7xf"]
[ext_resource type="PackedScene" uid="uid://b03a715pa1lwt" path="res://Scenes/Vegetation/arbre_boule.tscn" id="10_bg7xf"]
[ext_resource type="PackedScene" uid="uid://c2blq7xqjnkw0" path="res://Scenes/Vegetation/foret_boule_s.tscn" id="11_7qnw8"]
[ext_resource type="PackedScene" uid="uid://detocmacpktpv" path="res://Scenes/Terrain/iceberg_petit.tscn" id="12_vocj4"]

[node name="02_HIVER_MAP" type="Node3D" unique_id=1634229765]

[node name="02_HIVER_TERRAIN" parent="." unique_id=1175858171 instance=ExtResource("1_wsw8x")]
metadata/_edit_lock_ = true

[node name="VEGETATION" type="Node3D" parent="." unique_id=283516838]

[node name="Foret_S" parent="VEGETATION" unique_id=769466150 instance=ExtResource("2_wsw8x")]
transform = Transform3D(1, 0, 0, 0, 1, 0, 0, 0, 1, -6.646101, 0, 23.066721)

[node name="Foret_S2" parent="VEGETATION" unique_id=975981820 instance=ExtResource("2_wsw8x")]
transform = Transform3D(-0.41063932, 0, -0.9117979, 0, 1, 0, 0.9117979, 0, -0.41063932, -11.927189, 0, 19.190895)

[node name="Foret_S3" parent="VEGETATION" unique_id=399921033 instance=ExtResource("2_wsw8x")]
transform = Transform3D(1, 0, 0, 0, 1, 0, 0, 0, 1, 4.072811, 0, 12.190895)

[node name="Foret_S7" parent="VEGETATION" unique_id=1249700664 instance=ExtResource("2_wsw8x")]
transform = Transform3D(0.42849362, 0, 0.9035448, 0, 1, 0, -0.9035448, 0, 0.42849362, 18.54209, 0, -4.793195)

[node name="Foret_S9" parent="VEGETATION" unique_id=2022305779 instance=ExtResource("2_wsw8x")]
transform = Transform3D(0.42849362, 0, 0.9035448, 0, 1, 0, -0.9035448, 0, 0.42849362, 20.449888, 0, -2.7731738)

[node name="Foret_S10" parent="VEGETATION" unique_id=633935406 instance=ExtResource("2_wsw8x")]
transform = Transform3D(-0.80615556, 0, 0.5917036, 0, 1, 0, -0.5917036, 0, -0.80615556, 7.133548, 0.128685, -6.562524)

[node name="Foret_S8" parent="VEGETATION" unique_id=1375475811 instance=ExtResource("2_wsw8x")]
transform = Transform3D(0.42849362, 0, 0.9035448, 0, 1, 0, -0.9035448, 0, 0.42849362, 15.960951, 0, -7.5987797)

[node name="Foret_S5" parent="VEGETATION" unique_id=2016381568 instance=ExtResource("2_wsw8x")]
transform = Transform3D(0.4494437, 0, 0.89330864, 0, 1, 0, -0.89330864, 0, 0.4494437, -17.16919, 0, 0.17618847)

[node name="Foret_S6" parent="VEGETATION" unique_id=1246486836 instance=ExtResource("2_wsw8x")]
transform = Transform3D(0.45190543, 0, -0.8920658, 0, 1, 0, 0.8920658, 0, 0.45190543, -22.167309, 0, -5.3025146)

[node name="Foret_S4" parent="VEGETATION" unique_id=776846210 instance=ExtResource("2_wsw8x")]
transform = Transform3D(0.83624786, 0, 0.5483516, 0, 1, 0, -0.5483516, 0, 0.83624786, -16.552862, 0, 23.640842)

[node name="Foret_m" parent="VEGETATION" unique_id=372247596 instance=ExtResource("3_ld7o5")]
transform = Transform3D(1, 0, 0, 0, 1, 0, 0, 0, 1, -0.43839645, 0, 16.001469)

[node name="Foret_m10" parent="VEGETATION" unique_id=147553577 instance=ExtResource("3_ld7o5")]
transform = Transform3D(1, 0, 0, 0, 1, 0, 0, 0, 1, 11.270687, 0, 20.542633)

[node name="Foret_m2" parent="VEGETATION" unique_id=1931460747 instance=ExtResource("3_ld7o5")]
transform = Transform3D(0.7687191, 0, -0.6395866, 0, 1, 0, 0.6395866, 0, 0.7687191, 4.8796844, 0, 16.830261)

[node name="Foret_m4" parent="VEGETATION" unique_id=125464653 instance=ExtResource("3_ld7o5")]
transform = Transform3D(0.7687191, 0, -0.6395866, 0, 1, 0, 0.6395866, 0, 0.7687191, 11.823971, 0, -7.6799617)

[node name="Foret_m7" parent="VEGETATION" unique_id=1886332061 instance=ExtResource("3_ld7o5")]
transform = Transform3D(0.96260667, 0, -0.27090284, 0, 1, 0, 0.27090284, 0, 0.96260667, 14.801205, 0, -4.687072)

[node name="Foret_m8" parent="VEGETATION" unique_id=1306791047 instance=ExtResource("3_ld7o5")]
transform = Transform3D(0.07696271, 0, -0.9970341, 0, 1, 0, 0.9970341, 0, 0.07696271, 9.844694, 0, -11.413736)

[node name="Foret_m9" parent="VEGETATION" unique_id=484205850 instance=ExtResource("3_ld7o5")]
transform = Transform3D(0.9776956, 0, -0.21002814, 0, 1, 0, 0.21002814, 0, 0.9776956, 23.103907, 0, -7.512941)

[node name="Foret_m6" parent="VEGETATION" unique_id=1768658881 instance=ExtResource("3_ld7o5")]
transform = Transform3D(0.7687191, 0, -0.6395866, 0, 1, 0, 0.6395866, 0, 0.7687191, 24.832588, 0, -25.1448)

[node name="Foret_m5" parent="VEGETATION" unique_id=1752567547 instance=ExtResource("3_ld7o5")]
transform = Transform3D(0.7687191, 0, -0.6395866, 0, 1, 0, 0.6395866, 0, 0.7687191, -17.747534, 0, -17.263151)

[node name="Foret_m3" parent="VEGETATION" unique_id=1315695985 instance=ExtResource("3_ld7o5")]
transform = Transform3D(0.7687191, 0, -0.6395866, 0, 1, 0, 0.6395866, 0, 0.7687191, -13.836563, 0, 5.2613173)

[node name="Foret_cercle" parent="VEGETATION" unique_id=86935549 instance=ExtResource("4_ulc5b")]
transform = Transform3D(0.80242187, 0, -0.5967572, 0, 1, 0, 0.5967572, 0, 0.80242187, 22.04252, 0, 17.853506)

[node name="foret_route_s" parent="VEGETATION" unique_id=696654316 instance=ExtResource("5_isa0j")]
transform = Transform3D(0.66771567, 0, 0.7444165, 0, 1, 0, -0.7444165, 0, 0.66771567, -10.818617, 0, 0.3561682)

[node name="foret_route_s2" parent="VEGETATION" unique_id=1906709376 instance=ExtResource("5_isa0j")]
transform = Transform3D(-0.9846741, 0, -0.17440453, 0, 1, 0, 0.17440453, 0, -0.9846741, -4.2295, 0, -9.482989)

[node name="foret_route_s3" parent="VEGETATION" unique_id=1020008722 instance=ExtResource("5_isa0j")]
transform = Transform3D(-0.8894961, 0, -0.4569428, 0, 1, 0, 0.4569428, 0, -0.8894961, 8.82452, 0, -22.460669)

[node name="foret_route_s5" parent="VEGETATION" unique_id=581709370 instance=ExtResource("5_isa0j")]
transform = Transform3D(0.6289406, 0, -0.77745324, 0, 1, 0, 0.77745324, 0, 0.6289406, 19.668173, 0, -6.048845)

[node name="foret_route_s6" parent="VEGETATION" unique_id=1488854220 instance=ExtResource("5_isa0j")]
transform = Transform3D(0.5811434, 0, -0.81380105, 0, 1, 0, 0.81380105, 0, 0.5811434, 16.862585, 0, -9.443604)

[node name="foret_route_s4" parent="VEGETATION" unique_id=1694371105 instance=ExtResource("5_isa0j")]
transform = Transform3D(-0.09209257, 0, 0.9957504, 0, 1, 0, -0.9957504, 0, -0.09209257, 17.224648, 0, -18.365166)

[node name="Foret_l" parent="VEGETATION" unique_id=2139066696 instance=ExtResource("6_jxecv")]
transform = Transform3D(0.78311855, 0, -0.6218724, 0, 1, 0, 0.6218724, 0, 0.78311855, 11.756989, 0, -15.138317)

[node name="Foret_l2" parent="VEGETATION" unique_id=1868874718 instance=ExtResource("6_jxecv")]
transform = Transform3D(-0.92423314, 0, 0.38182878, 0, 1, 0, -0.38182878, 0, -0.92423314, -3.2273111, 0, -17.82267)

[node name="Foret_l3" parent="VEGETATION" unique_id=603657614 instance=ExtResource("6_jxecv")]
transform = Transform3D(-0.20722893, 0, -0.97829247, 0, 1, 0, 0.97829247, 0, -0.20722893, -10.239168, 0, -25.98791)

[node name="Foret_l4" parent="VEGETATION" unique_id=51952907 instance=ExtResource("6_jxecv")]
transform = Transform3D(-0.45023888, 0, -0.89290816, 0, 1, 0, 0.89290816, 0, -0.45023888, -13.447209, 0, -9.189138)

[node name="Foret_l5" parent="VEGETATION" unique_id=1447728307 instance=ExtResource("6_jxecv")]
transform = Transform3D(-0.41623303, 0, 0.90925795, 0, 1, 0, -0.90925795, 0, -0.41623303, -14.647862, 0, 11.938356)

[node name="Foret_l6" parent="VEGETATION" unique_id=441790715 instance=ExtResource("6_jxecv")]
transform = Transform3D(-0.45153156, 0, 0.8922551, 0, 1, 0, -0.8922551, 0, -0.45153156, 12.688172, 0, 5.883469)

[node name="Foret_l7" parent="VEGETATION" unique_id=156364128 instance=ExtResource("6_jxecv")]
transform = Transform3D(-0.59803104, 0, -0.8014731, 0, 1, 0, 0.8014731, 0, -0.59803104, 0.6229181, 0, 4.1026177)

[node name="Foret_sans-feuille_xs" parent="VEGETATION" unique_id=728270069 instance=ExtResource("7_4i414")]
transform = Transform3D(1, 0, 0, 0, 1, 0, 0, 0, 1, -1.7267418, 0, 29.872663)

[node name="Foret_sans-feuille_xs2" parent="VEGETATION" unique_id=989783641 instance=ExtResource("7_4i414")]
transform = Transform3D(-0.573505, 0, 0.81920207, 0, 1, 0, -0.81920207, 0, -0.573505, 8.8063965, 0, 34.103188)

[node name="Foret_sans-feuille_xs3" parent="VEGETATION" unique_id=1026923871 instance=ExtResource("7_4i414")]
transform = Transform3D(-0.573505, 0, 0.81920207, 0, 1, 0, -0.81920207, 0, -0.573505, 2.3693428, 0, 13.765839)

[node name="Foret_sans-feuille_xs4" parent="VEGETATION" unique_id=22906524 instance=ExtResource("7_4i414")]
transform = Transform3D(-0.573505, 0, 0.81920207, 0, 1, 0, -0.81920207, 0, -0.573505, -5.560356, 0, 1.0316734)

[node name="Foret_sans-feuille_xs5" parent="VEGETATION" unique_id=609083456 instance=ExtResource("7_4i414")]
transform = Transform3D(-0.843579, 0, -0.5370052, 0, 1, 0, 0.5370052, 0, -0.843579, -2.9482193, 0, -0.83413947)

[node name="Foret_sansfeuille_s" parent="VEGETATION" unique_id=637727682 instance=ExtResource("8_3ei8r")]
transform = Transform3D(1, 0, 0, 0, 1, 0, 0, 0, 1, 4.8788795, 0, 26.473927)

[node name="Foret_sansfeuille_cercle" parent="VEGETATION" unique_id=1371979873 instance=ExtResource("9_bg7xf")]
transform = Transform3D(0.015079021, 0, -0.9998864, 0, 1, 0, 0.9998864, 0, 0.015079021, 11.113226, 0, 26.619879)

[node name="Foret_sansfeuille_cercle2" parent="VEGETATION" unique_id=897518849 instance=ExtResource("9_bg7xf")]
transform = Transform3D(0.8637564, 0, -0.50390977, 0, 1, 0, 0.50390977, 0, 0.8637564, -7.602831, 0, 3.4424362)

[node name="Arbre_boule" parent="VEGETATION" unique_id=1010450993 instance=ExtResource("10_bg7xf")]
transform = Transform3D(1, 0, 0, 0, 1, 0, 0, 0, 1, 1.9857597, 0, 26.93724)

[node name="Foret_boule_s" parent="VEGETATION" unique_id=2053666517 instance=ExtResource("11_7qnw8")]
transform = Transform3D(0.7737628, 0, 0.6334754, 0, 1, 0, -0.6334754, 0, 0.7737628, 1.4743881, 0, 23.245018)

[node name="Foret_boule_s2" parent="VEGETATION" unique_id=1501196256 instance=ExtResource("11_7qnw8")]
transform = Transform3D(0.7985725, 0, -0.60189867, 0, 1, 0, 0.60189867, 0, 0.7985725, 5.994198, 0, 21.779135)

[node name="ICEBERGS" type="Node3D" parent="." unique_id=1277478604]

[node name="Iceberg_petit" parent="ICEBERGS" unique_id=460933297 instance=ExtResource("12_vocj4")]
transform = Transform3D(1, 0, 0, 0, 1, 0, 0, 0, 1, -1.7976084, 0, 43.46239)

[node name="Iceberg_petit11" parent="ICEBERGS" unique_id=80773974 instance=ExtResource("12_vocj4")]
transform = Transform3D(0.5450342, 0, 0.83841383, 0, 1, 0, -0.83841383, 0, 0.5450342, -21.65633, 0, 42.898724)

[node name="Iceberg_petit12" parent="ICEBERGS" unique_id=731241698 instance=ExtResource("12_vocj4")]
transform = Transform3D(0.43323442, 0, 0.9012813, 0, 1, 0, -0.9012813, 0, 0.43323442, -29.547554, 0, 42.896988)

[node name="Iceberg_petit13" parent="ICEBERGS" unique_id=89594496 instance=ExtResource("12_vocj4")]
transform = Transform3D(-0.3684733, 0, 0.48759806, 0, 0.6111664, 0, -0.48759806, 0, -0.3684733, -30.9559, 0, 44.677814)

[node name="Iceberg_petit14" parent="ICEBERGS" unique_id=1846478115 instance=ExtResource("12_vocj4")]
transform = Transform3D(-0.48936105, 0, -0.3661287, 0, 0.6111663, 0, 0.3661287, 0, -0.48936105, -28.925491, 0, 44.80707)

[node name="Iceberg_petit2" parent="ICEBERGS" unique_id=738468302 instance=ExtResource("12_vocj4")]
transform = Transform3D(0.5545239, 0, -0.26469633, 0, 0.6144599, 0, 0.26469633, 0, 0.5545239, 0.325624, 0, 43.76373)

[node name="Iceberg_petit8" parent="ICEBERGS" unique_id=1907842467 instance=ExtResource("12_vocj4")]
transform = Transform3D(-0.17470111, 0, 0.5891014, 0, 0.61445993, 0, -0.5891014, 0, -0.17470111, -19.20029, 0, 42.689022)

[node name="Iceberg_petit9" parent="ICEBERGS" unique_id=404050428 instance=ExtResource("12_vocj4")]
transform = Transform3D(-0.5984541, 0, 0.08827592, 0, 0.60492986, 0, -0.08827592, 0, -0.5984541, -20.368721, 0, 45.949318)

[node name="Iceberg_petit10" parent="ICEBERGS" unique_id=248125739 instance=ExtResource("12_vocj4")]
transform = Transform3D(-0.35260847, -1.2948471e-10, -0.26287407, -1.3442537e-10, 0.43981317, -3.632727e-11, 0.26287407, 5.1220774e-11, -0.35260847, -21.156155, 0, 46.972935)

[node name="Iceberg_petit3" parent="ICEBERGS" unique_id=556402395 instance=ExtResource("12_vocj4")]
transform = Transform3D(0.54632187, 0, 0.31910405, 0, 0.6326887, 0, -0.31910405, 0, 0.54632187, -0.34175634, 0, 45.22349)

[node name="Iceberg_petit4" parent="ICEBERGS" unique_id=916432940 instance=ExtResource("12_vocj4")]
transform = Transform3D(0.5267778, 0, 0.85000306, 0, 1, 0, -0.85000306, 0, 0.5267778, 11.651936, 0, 42.832863)

[node name="Iceberg_petit5" parent="ICEBERGS" unique_id=860778090 instance=ExtResource("12_vocj4")]
transform = Transform3D(-0.5531108, 0, -0.26320434, 0, 0.61254233, 0, 0.26320434, 0, -0.5531108, 27.668968, 0, 42.982037)

[node name="Iceberg_petit6" parent="ICEBERGS" unique_id=444668138 instance=ExtResource("12_vocj4")]
transform = Transform3D(-0.08322094, 0, -0.44836468, 0, 0.45602262, 0, 0.44836468, 0, -0.08322094, 27.497503, 0, 44.265488)

[node name="Iceberg_petit7" parent="ICEBERGS" unique_id=1220785245 instance=ExtResource("12_vocj4")]
transform = Transform3D(0.46442616, 0, 0.019838702, 0, 0.46484974, 0, -0.019838702, 0, 0.46442616, 28.860086, 0, 44.29242)
