[gd_scene format=3 uid="uid://bdmn1146wi527"]

[ext_resource type="PackedScene" uid="uid://w6d4o017yf81" path="res://Scenes/Maps/02_hiver_terrain.tscn" id="1_wsw8x"]
[ext_resource type="PackedScene" uid="uid://fgjqfugwu3yx" path="res://Scenes/Vegetation/foret_s.tscn" id="2_wsw8x"]
[ext_resource type="PackedScene" uid="uid://bmjqcrihl6xe6" path="res://Scenes/Vegetation/foret_m.tscn" id="3_ld7o5"]
[ext_resource type="PackedScene" uid="uid://dwdtiq3m4gtbe" path="res://Scenes/Vegetation/foret_cercle.tscn" id="4_ulc5b"]
[ext_resource type="PackedScene" uid="uid://lgwcy0fqbmph" path="res://Scenes/Vegetation/foret_route_s.tscn" id="5_isa0j"]
[ext_resource type="PackedScene" uid="uid://c7msysgq7jvql" path="res://Scenes/Vegetation/foret_l.tscn" id="6_jxecv"]

[node name="02_HIVER_MAP" type="Node3D" unique_id=1634229765]

[node name="02_HIVER_TERRAIN" parent="." unique_id=1175858171 instance=ExtResource("1_wsw8x")]
metadata/_edit_lock_ = true

[node name="VEGETATION" type="Node3D" parent="." unique_id=283516838]

[node name="Foret_S" parent="VEGETATION" unique_id=769466150 instance=ExtResource("2_wsw8x")]
transform = Transform3D(1, 0, 0, 0, 1, 0, 0, 0, 1, -6.646101, 0, 23.066721)

[node name="Foret_S2" parent="VEGETATION" unique_id=975981820 instance=ExtResource("2_wsw8x")]
transform = Transform3D(-0.41063932, 0, -0.9117979, 0, 1, 0, 0.9117979, 0, -0.41063932, -11.927189, 0, 19.190895)

[node name="Foret_S3" parent="VEGETATION" unique_id=399921033 instance=ExtResource("2_wsw8x")]
transform = Transform3D(1, 0, 0, 0, 1, 0, 0, 0, 1, 4.072811, 0, 12.190895)

[node name="Foret_S7" parent="VEGETATION" unique_id=1249700664 instance=ExtResource("2_wsw8x")]
transform = Transform3D(0.42849362, 0, 0.9035448, 0, 1, 0, -0.9035448, 0, 0.42849362, 18.54209, 0, -4.793195)

[node name="Foret_S9" parent="VEGETATION" unique_id=2022305779 instance=ExtResource("2_wsw8x")]
transform = Transform3D(0.42849362, 0, 0.9035448, 0, 1, 0, -0.9035448, 0, 0.42849362, 20.449888, 0, -2.7731738)

[node name="Foret_S10" parent="VEGETATION" unique_id=633935406 instance=ExtResource("2_wsw8x")]
transform = Transform3D(-0.80615556, 0, 0.5917036, 0, 1, 0, -0.5917036, 0, -0.80615556, 7.133548, 0.128685, -6.562524)

[node name="Foret_S8" parent="VEGETATION" unique_id=1375475811 instance=ExtResource("2_wsw8x")]
transform = Transform3D(0.42849362, 0, 0.9035448, 0, 1, 0, -0.9035448, 0, 0.42849362, 15.960951, 0, -7.5987797)

[node name="Foret_S5" parent="VEGETATION" unique_id=2016381568 instance=ExtResource("2_wsw8x")]
transform = Transform3D(0.4494437, 0, 0.89330864, 0, 1, 0, -0.89330864, 0, 0.4494437, -17.16919, 0, 0.17618847)

[node name="Foret_S6" parent="VEGETATION" unique_id=1246486836 instance=ExtResource("2_wsw8x")]
transform = Transform3D(0.45190543, 0, -0.8920658, 0, 1, 0, 0.8920658, 0, 0.45190543, -22.167309, 0, -5.3025146)

[node name="Foret_S4" parent="VEGETATION" unique_id=776846210 instance=ExtResource("2_wsw8x")]
transform = Transform3D(0.83624786, 0, 0.5483516, 0, 1, 0, -0.5483516, 0, 0.83624786, -16.552862, 0, 23.640842)

[node name="Foret_m" parent="VEGETATION" unique_id=372247596 instance=ExtResource("3_ld7o5")]
transform = Transform3D(1, 0, 0, 0, 1, 0, 0, 0, 1, -0.43839645, 0, 16.001469)

[node name="Foret_m10" parent="VEGETATION" unique_id=147553577 instance=ExtResource("3_ld7o5")]
transform = Transform3D(1, 0, 0, 0, 1, 0, 0, 0, 1, 11.270687, 0, 20.542633)

[node name="Foret_m2" parent="VEGETATION" unique_id=1931460747 instance=ExtResource("3_ld7o5")]
transform = Transform3D(0.7687191, 0, -0.6395866, 0, 1, 0, 0.6395866, 0, 0.7687191, 4.8796844, 0, 16.830261)

[node name="Foret_m4" parent="VEGETATION" unique_id=125464653 instance=ExtResource("3_ld7o5")]
transform = Transform3D(0.7687191, 0, -0.6395866, 0, 1, 0, 0.6395866, 0, 0.7687191, 11.823971, 0, -7.6799617)

[node name="Foret_m7" parent="VEGETATION" unique_id=1886332061 instance=ExtResource("3_ld7o5")]
transform = Transform3D(0.96260667, 0, -0.27090284, 0, 1, 0, 0.27090284, 0, 0.96260667, 14.801205, 0, -4.687072)

[node name="Foret_m8" parent="VEGETATION" unique_id=1306791047 instance=ExtResource("3_ld7o5")]
transform = Transform3D(0.07696271, 0, -0.9970341, 0, 1, 0, 0.9970341, 0, 0.07696271, 9.844694, 0, -11.413736)

[node name="Foret_m9" parent="VEGETATION" unique_id=484205850 instance=ExtResource("3_ld7o5")]
transform = Transform3D(0.9776956, 0, -0.21002814, 0, 1, 0, 0.21002814, 0, 0.9776956, 23.103907, 0, -7.512941)

[node name="Foret_m6" parent="VEGETATION" unique_id=1768658881 instance=ExtResource("3_ld7o5")]
transform = Transform3D(0.7687191, 0, -0.6395866, 0, 1, 0, 0.6395866, 0, 0.7687191, 24.832588, 0, -25.1448)

[node name="Foret_m5" parent="VEGETATION" unique_id=1752567547 instance=ExtResource("3_ld7o5")]
transform = Transform3D(0.7687191, 0, -0.6395866, 0, 1, 0, 0.6395866, 0, 0.7687191, -17.747534, 0, -17.263151)

[node name="Foret_m3" parent="VEGETATION" unique_id=1315695985 instance=ExtResource("3_ld7o5")]
transform = Transform3D(0.7687191, 0, -0.6395866, 0, 1, 0, 0.6395866, 0, 0.7687191, -13.836563, 0, 5.2613173)

[node name="Foret_cercle" parent="VEGETATION" unique_id=86935549 instance=ExtResource("4_ulc5b")]
transform = Transform3D(0.80242187, 0, -0.5967572, 0, 1, 0, 0.5967572, 0, 0.80242187, 22.04252, 0, 17.853506)

[node name="foret_route_s" parent="VEGETATION" unique_id=696654316 instance=ExtResource("5_isa0j")]
transform = Transform3D(0.66771567, 0, 0.7444165, 0, 1, 0, -0.7444165, 0, 0.66771567, -10.818617, 0, 0.3561682)

[node name="foret_route_s2" parent="VEGETATION" unique_id=1906709376 instance=ExtResource("5_isa0j")]
transform = Transform3D(-0.9846741, 0, -0.17440453, 0, 1, 0, 0.17440453, 0, -0.9846741, -4.2295, 0, -9.482989)

[node name="foret_route_s3" parent="VEGETATION" unique_id=1020008722 instance=ExtResource("5_isa0j")]
transform = Transform3D(-0.8894961, 0, -0.4569428, 0, 1, 0, 0.4569428, 0, -0.8894961, 8.82452, 0, -22.460669)

[node name="foret_route_s5" parent="VEGETATION" unique_id=581709370 instance=ExtResource("5_isa0j")]
transform = Transform3D(0.6289406, 0, -0.77745324, 0, 1, 0, 0.77745324, 0, 0.6289406, 19.668173, 0, -6.048845)

[node name="foret_route_s6" parent="VEGETATION" unique_id=1488854220 instance=ExtResource("5_isa0j")]
transform = Transform3D(0.5811434, 0, -0.81380105, 0, 1, 0, 0.81380105, 0, 0.5811434, 16.862585, 0, -9.443604)

[node name="foret_route_s4" parent="VEGETATION" unique_id=1694371105 instance=ExtResource("5_isa0j")]
transform = Transform3D(-0.66380876, 0, 0.7479023, 0, 1, 0, -0.7479023, 0, -0.66380876, 18.366932, 0, -34.484108)

[node name="Foret_l" parent="VEGETATION" unique_id=2139066696 instance=ExtResource("6_jxecv")]
transform = Transform3D(0.78311855, 0, -0.6218724, 0, 1, 0, 0.6218724, 0, 0.78311855, 11.756989, 0, -15.138317)

[node name="Foret_l2" parent="VEGETATION" unique_id=1868874718 instance=ExtResource("6_jxecv")]
transform = Transform3D(-0.92423314, 0, 0.38182878, 0, 1, 0, -0.38182878, 0, -0.92423314, -3.2273111, 0, -17.82267)

[node name="Foret_l3" parent="VEGETATION" unique_id=603657614 instance=ExtResource("6_jxecv")]
transform = Transform3D(-0.20722893, 0, -0.97829247, 0, 1, 0, 0.97829247, 0, -0.20722893, -9.223801, 0, -28.90709)

[node name="Foret_l4" parent="VEGETATION" unique_id=51952907 instance=ExtResource("6_jxecv")]
transform = Transform3D(-0.45023888, 0, -0.89290816, 0, 1, 0, 0.89290816, 0, -0.45023888, -13.447209, 0, -9.189138)

[node name="Foret_l5" parent="VEGETATION" unique_id=1447728307 instance=ExtResource("6_jxecv")]
transform = Transform3D(-0.41623303, 0, 0.90925795, 0, 1, 0, -0.90925795, 0, -0.41623303, -14.647862, 0, 11.938356)

[node name="Foret_l6" parent="VEGETATION" unique_id=441790715 instance=ExtResource("6_jxecv")]
transform = Transform3D(-0.45153156, 0, 0.8922551, 0, 1, 0, -0.8922551, 0, -0.45153156, 12.688172, 0, 5.883469)

[node name="Foret_l7" parent="VEGETATION" unique_id=156364128 instance=ExtResource("6_jxecv")]
transform = Transform3D(-0.59803104, 0, -0.8014731, 0, 1, 0, 0.8014731, 0, -0.59803104, 0.6229181, 0, 4.1026177)
